72;9;15;4;24;49;76;19;35;58;55;30;60;39;77;32;34;16;42;25
65;1;55;46;48;58;39;3;73;7;61;15;37;26;76;49;64;75;28;11
37;71;56;31;42;24;12;54;22;63;29;80;68;76;34;46;27;3;39;10
24;31;3;32;48;44;58;63;6;2;47;39;76;20;69;18;59;55;67;10
59;41;36;4;6;77;67;45;8;25;69;19;21;20;38;44;52;39;7;62
39;29;7;72;17;28;49;76;63;11;77;12;23;16;20;5;26;19;74;54
74;68;59;76;25;52;65;77;66;34;53;80;67;37;10;42;22;71;28;78
71;56;44;21;6;51;78;37;5;77;48;27;8;70;15;41;80;47;62;46
24;74;54;41;14;60;19;6;76;38;73;17;9;37;72;71;55;28;3;20
39;31;26;41;62;53;45;71;27;64;5;7;11;57;67;47;80;75;69;52
